1
#M1
minus1,h7,asymp,sigmafixed,tvs
../data/namhakdata24.dat 
20
1964
2024
8
2
-1
-1
-1
-5
-1
-4
0.7
0.1
1
9
1964
1973
1974
1983
1984
1988
1998
2001
2002
2005
2006
2009
2010
2013
2014
2017
2018
2024
#
3
3
-4
-4
4
66
2
0.7
1965
2024
2
7
6
#
1
1
1
1
1
1
#
0.2
0.2
0.2
0.4
0.4
0.2
#
1
1
1
2
3
1
#
0.33
0.33
1
1
1
0
2
#
1
1
#
3
2
#
1.0
1.0
#
2000
2000
#
0.032
0.032
#
-0.1
-0.1
-1
#
1
1
#
7
7
#
0.125
0.032
0.153
1.105
2
1964
1985
1990
2024
0
1
#
0.3
0.7
#
202
178
#
16
13
#
73
23
#
15
66
#
500
300
0.1
0.05
50
15
20
5000
15000
17500
54321
