1
#Mod1
h=est
../data/namhakdata.dat 
20
1964
2023
8
2
-1
-1
-1
6
-1
1
0.6
.1
1
3
1964
1973
1984
1989
1990
2023
#
3
3
4
5
4
4
2
0.5
1965
2023
2
7
6
#
1
1
1
1
1
1
#
-1
-1
-1
-1
-1
-1
#
1
1
1
2
3
1
#
0.33
0.33
1
0
0
0
2
#
1
1
#
3
2
#
-0.8
-0.8
#
2000
2000
#
0.032
0.032
#
-0.1
-0.1
6
#
2
2
#
7
7
#
0.125
0.032
0.153
1.105
2
1964
1985
1990
2023
0
0
#
0.3
0.7
#
202
178
#
16
13
#
73
23
#
15
66
#
500
300
0.1
0.05
50
15
20
5000
15000
17500
54321
