#	Weight-at-age																																
#	Start-Year																																
#	0	1	2	3	4	5	6	7	8																								
1964	9	47	132	273	477	744	1075	1465	1911																								
1965	9	47	132	273	477	744	1075	1465	1911																								
1966	9	47	132	273	477	744	1075	1465	1911																								
1967	9	47	132	273	477	744	1075	1465	1911																								
1968	9	47	132	273	477	744	1075	1465	1911																								
1969	9	47	132	273	477	744	1075	1465	1911																								
1970	9	47	132	273	477	744	1075	1465	1911																								
1971	9	47	132	273	477	744	1075	1465	1911																								
1972	9	47	132	273	477	744	1075	1465	1911																								
1973	9	47	132	273	477	744	1075	1465	1911																								
1974	9	47	132	273	477	744	1075	1465	1911																								
1975	9	47	132	273	477	744	1075	1465	1911																								
1976	9	47	132	273	477	744	1075	1465	1911																								
1977	9	47	132	273	477	744	1075	1465	1911																								
1978	9	47	132	273	477	744	1075	1465	1911																								
1979	9	47	132	273	477	744	1075	1465	1911																								
1980	9	47	132	273	477	744	1075	1465	1911																								
1981	9	47	132	273	477	744	1075	1465	1911																								
1982	9	47	132	273	477	744	1075	1465	1911																								
1983	9	47	132	273	477	744	1075	1465	1911																								
1984	9	47	132	273	477	744	1075	1465	1911																								
1985	9	47	132	273	477	744	1075	1465	1911																								
1986	9	47	132	273	477	744	1075	1465	1911																								
1987	9	47	132	273	477	744	1075	1465	1911																								
1988	9	47	132	273	477	744	1075	1465	1911																								
1989	9	47	132	273	477	744	1075	1465	1911																								
1990	9	47	132	273	477	744	1075	1465	1911																								
1991	9	47	132	273	477	744	1075	1465	1911																								
1992	9	47	132	273	477	744	1075	1465	1911																								
1993	9	47	132	273	477	744	1075	1465	1911																								
1994	9	47	132	273	477	744	1075	1465	1911																								
1995	9	47	132	273	477	744	1075	1465	1911																								
1996	9	47	132	273	477	744	1075	1465	1911																								
1997	9	47	132	273	477	744	1075	1465	1911																								
1998	9	47	132	273	477	744	1075	1465	1911																								
1999	9	47	132	273	477	744	1075	1465	1911																								
2000	9	47	132	273	477	744	1075	1465	1911																								
2001	9	47	132	273	477	744	1075	1465	1911																								
2002	9	47	132	273	477	744	1075	1465	1911																								
2003	9	47	132	273	477	744	1075	1465	1911																								
2004	9	47	132	273	477	744	1075	1465	1911																								
2005	9	47	132	273	477	744	1075	1465	1911																								
2006	9	47	132	273	477	744	1075	1465	1911																								
2007	9	47	132	273	477	744	1075	1465	1911																								
2008	9	47	132	273	477	744	1075	1465	1911																								
2009	9	47	132	273	477	744	1075	1465	1911																								
2010	9	47	132	273	477	744	1075	1465	1911																								
2011	9	47	132	273	477	744	1075	1465	1911																								
2012	9	47	132	273	477	744	1075	1465	1911																								
2013	9	47	132	273	477	744	1075	1465	1911																								
2014	9	47	132	273	477	744	1075	1465	1911																								
2015	9	47	132	273	477	744	1075	1465	1911																								
2016	9	47	132	273	477	744	1075	1465	1911																								
2017	9	47	132	273	477	744	1075	1465	1911																								
2018	9	47	132	273	477	744	1075	1465	1911																								
2019	9	47	132	273	477	744	1075	1465	1911																								
2020	9	47	132	273	477	744	1075	1465	1911																								
2021	9	47	132	273	477	744	1075	1465	1911																								
2022	9	47	132	273	477	744	1075	1465	1911																								
2023	9	47	132	273	477	744	1075	1465	1911																								
2024	9	47	132	273	477	744	1075	1465	1911																								
2025	9	47	132	273	477	744	1075	1465	1911																								
#	Mid-Year																																
#	0	1	2	3	4	5	6	7	8																								
1964	23	83	195	367	603	902	1263	1681	2152																								
1965	23	83	195	367	603	902	1263	1681	2152																								
1966	23	83	195	367	603	902	1263	1681	2152																								
1967	23	83	195	367	603	902	1263	1681	2152																								
1968	23	83	195	367	603	902	1263	1681	2152																								
1969	23	83	195	367	603	902	1263	1681	2152																								
1970	23	83	195	367	603	902	1263	1681	2152																								
1971	23	83	195	367	603	902	1263	1681	2152																								
1972	23	83	195	367	603	902	1263	1681	2152																								
1973	23	83	195	367	603	902	1263	1681	2152																								
1974	23	83	195	367	603	902	1263	1681	2152																								
1975	23	83	195	367	603	902	1263	1681	2152																								
1976	23	83	195	367	603	902	1263	1681	2152																								
1977	23	83	195	367	603	902	1263	1681	2152																								
1978	23	83	195	367	603	902	1263	1681	2152																								
1979	23	83	195	367	603	902	1263	1681	2152																								
1980	23	83	195	367	603	902	1263	1681	2152																								
1981	23	83	195	367	603	902	1263	1681	2152																								
1982	23	83	195	367	603	902	1263	1681	2152																								
1983	23	83	195	367	603	902	1263	1681	2152																								
1984	23	83	195	367	603	902	1263	1681	2152																								
1985	23	83	195	367	603	902	1263	1681	2152																								
1986	23	83	195	367	603	902	1263	1681	2152																								
1987	23	83	195	367	603	902	1263	1681	2152																								
1988	23	83	195	367	603	902	1263	1681	2152																								
1989	23	83	195	367	603	902	1263	1681	2152																								
1990	23	83	195	367	603	902	1263	1681	2152																								
1991	23	83	195	367	603	902	1263	1681	2152																								
1992	23	83	195	367	603	902	1263	1681	2152																								
1993	23	83	195	367	603	902	1263	1681	2152																								
1994	23	83	195	367	603	902	1263	1681	2152																								
1995	23	83	195	367	603	902	1263	1681	2152																								
1996	23	83	195	367	603	902	1263	1681	2152																								
1997	23	83	195	367	603	902	1263	1681	2152																								
1998	23	83	195	367	603	902	1263	1681	2152																								
1999	23	83	195	367	603	902	1263	1681	2152																								
2000	23	83	195	367	603	902	1263	1681	2152																								
2001	23	83	195	367	603	902	1263	1681	2152																								
2002	23	83	195	367	603	902	1263	1681	2152																								
2003	23	83	195	367	603	902	1263	1681	2152																								
2004	23	83	195	367	603	902	1263	1681	2152																								
2005	23	83	195	367	603	902	1263	1681	2152																								
2006	23	83	195	367	603	902	1263	1681	2152																								
2007	23	83	195	367	603	902	1263	1681	2152																								
2008	23	83	195	367	603	902	1263	1681	2152																								
2009	23	83	195	367	603	902	1263	1681	2152																								
2010	23	83	195	367	603	902	1263	1681	2152																								
2011	23	83	195	367	603	902	1263	1681	2152																								
2012	23	83	195	367	603	902	1263	1681	2152																								
2013	23	83	195	367	603	902	1263	1681	2152																								
2014	23	83	195	367	603	902	1263	1681	2152																								
2015	23	83	195	367	603	902	1263	1681	2152																								
2016	23	83	195	367	603	902	1263	1681	2152																								
2017	23	83	195	367	603	902	1263	1681	2152																								
2018	23	83	195	367	603	902	1263	1681	2152																								
2019	23	83	195	367	603	902	1263	1681	2152																								
2020	23	83	195	367	603	902	1263	1681	2152																								
2021	23	83	195	367	603	902	1263	1681	2152																								
2022	23	83	195	367	603	902	1263	1681	2152																								
2023	23	83	195	367	603	902	1263	1681	2152																								
2024	23	83	195	367	603	902	1263	1681	2152																								
2025	23	83	195	367	603	902	1263	1681	2152																								
#	Catches	(by	year)																														
#	1964	1965	1966	1967	1968	1969	1970	1971	1972	1973	1974	1975	1976	1977	1978	1979	1980	1981	1982	1983	1984	1985	1986	1987	1988	1989	1990	1991	1992	1993			
	47.852	193.2	334.627	394.445	630.392	526.657	627.198	595.215	820.11	667.965	514.558	488.208	601.045	431.483	379.39	310.175	171.848	211.534	307.078	339.59	364.993	386.184	381.189	300.249	336	309.329	132.379	56.135	87.497	108			
#	1994	1995	1996	1997	1998	1999	2000	2001	2002	2003	2004	2005	2006	2007	2008	2009	2010	2011	2012	2013	2014	2015	2016	2017	2018	2019	2020	2021	2022	2023			
	112.206	130.362	129.102	116.593	106.788	166.562	162.803	173.277	154.619	189.305	173.902	158.06	135.771	125.534	127.212	141.615	148.309	150.025	149.094	151.675	129.075	141.693	155.323	156.323	154.234	151.985	126.213	163.504	159.503	169.498			
#	2024	2025																															
	168.131	140.001																															
#	Commercial catch-at-age "Sample size, year, caa  "																																
#	Year	0	1	2	3	4	5	6	7	8																							
10	1964	0	0	0	0	0	0	0	0	0																							
10	1965	0	0	0	0	0	0	0	0	0																							
10	1966	0	0	0	0	0	0	0	0	0																							
10	1967	0	0	0	0	0	0	0	0	0																							
50	1968	0	2.72	124.01	725.39	322.57	106.88	31.77	7.18	3.45																							
50	1969	0	5.33	112.33	328.48	308.58	87.76	30.15	13.44	6.51																							
50	1970	0	0.13	171.65	445.64	298.72	140.44	34.85	12.46	4.63																							
50	1971	0	1.11	58.33	261.82	372.38	113.09	37.58	16.63	6.52																							
50	1972	0	6.3	155.47	722.94	436.25	146.74	52.08	20.86	4.33																							
50	1973	0	31.8	142.3	669.32	465.63	78.57	29.07	11.76	9.78																							
50	1974	0	69.27	284.2	283.86	150.56	129.81	75.04	24.79	4.89																							
50	1975	0	27.5	142.84	401.43	181.67	99.9	42.95	18.65	8.75																							
50	1976	0	84.38	438.85	651.93	300.64	68.13	17.97	4.68	2.32																							
50	1977	0	112.05	120.06	379.78	279.99	86.09	11.96	8.32	4.86																							
50	1978	0	75.87	511.81	437.32	143.1	70.31	29.74	10.06	3.19																							
50	1979	0	23.64	176.77	239.9	145.86	87.34	33.32	14.69	6.07																							
50	1980	0	47.02	51.57	87.79	71.34	36.9	21.25	8.12	4.21																							
50	1981	0	51.53	133.77	139.17	102.08	63.01	32.89	9.93	4.15																							
50	1982	0	144.85	345.79	230.79	124.13	59.84	39.7	21.29	9.94																							
50	1983	0	1037.94	871.53	182.28	65.47	19.86	10.53	3.67	1.64																							
50	1984	0	87.95	807.64	446.81	117.01	38.38	13.85	4.65	1.84																							
50	1985	0	102.03	254.42	406.52	205.98	52.52	12.81	3.17	1.24																							
50	1986	0	53.1	434.9	279.9	187.8	104.5	35.3	14.2	3.4																							
50	1987	0	30.4	202	337.7	185.5	74	28.6	7.4	1.7																							
50	1988	0	28.4	332.3	560.6	250.4	51.3	13.5	4.2	1.4																							
50	1989	0	0	0	0	0	0	0	0	0																							
50	1990	0	0	0	0	0	0	0	0	0																							
50	1991	0	0	0	0	0	0	0	0	0																							
50	1992	0	0	0	0	0	0	0	0	0																							
50	1993	0	0	0	0	0	0	0	0	0																							
50	1994	0	0	0	0	0	0	0	0	0																							
50	1995	0	0	0	0	0	0	0	0	0																							
50	1996	0	0	0	0	0	0	0	0	0																							
50	1997	0.000240102	0.0057453	0.06637088	0.24076996	0.349547848	0.201797122	0.080642093	0.032524653	0.022362043																							
50	1998	0.000237298	0.008465704	0.043063971	0.153590447	0.363070283	0.253879173	0.103445366	0.041071022	0.033176736																							
50	1999	0.002165728	0.017387503	0.128434965	0.207181175	0.269427883	0.18923653	0.100694971	0.05643536	0.029035884																							
50	2000	0.000273422	0.005268101	0.038288392	0.187302626	0.335774263	0.307386788	0.076770077	0.040793693	0.008142636																							
50	2001	0.001517673	0.026774666	0.125291448	0.249838256	0.315995489	0.18986524	0.052972532	0.025922142	0.011822554																							
50	2002	0.000350354	0.06385422	0.240345067	0.188245655	0.301314958	0.136624477	0.041428581	0.017371233	0.010465455																							
50	2003	0.003848962	0.03547661	0.224186991	0.259220069	0.257075097	0.143564384	0.042853589	0.015504445	0.018269853																							
50	2004	0.000242822	0.018746782	0.094191966	0.366474944	0.312368489	0.137587825	0.049377949	0.014058057	0.006951165																							
50	2005	1.28E-05	0.001515729	0.05128722	0.3874147	0.402886368	0.122213611	0.02551503	0.003188763	0.005965825																							
50	2006	1.73E-05	0.002702413	0.063364256	0.331981205	0.433127959	0.129209204	0.033419212	0.004596118	0.001582327																							
50	2007	0.000276817	0.010304855	0.103737419	0.2941671	0.307199783	0.159944237	0.076630659	0.036596781	0.011142349																							
50	2008	0.000118882	0.013397186	0.09353428	0.242083469	0.366289048	0.1949108	0.058894814	0.017098276	0.013673246																							
50	2009	0.000222674	0.023002868	0.141992906	0.268408061	0.293387968	0.151654832	0.068218158	0.027178306	0.025934227																							
50	2010	8.71E-05	0.014182629	0.139156619	0.439067335	0.27902406	0.092198487	0.021961923	0.009027724	0.005294086																							
50	2011	2.08E-05	0.004326842	0.048926544	0.2228338	0.278199658	0.189855962	0.135035813	0.055832732	0.064967824																							
50	2012	0.000322012	0.031453047	0.245312424	0.167961781	0.343113006	0.11514402	0.048928312	0.019866566	0.027898832																							
50	2013	0.000125387	0.013175778	0.166683953	0.257398451	0.297454679	0.137854772	0.06919543	0.025558994	0.032552556																							
50	2014	0.000164385	0.038681053	0.165774371	0.236526301	0.206831399	0.174034414	0.13870589	0.024074214	0.015207974																							
50	2015	0.000204919	0.015267885	0.218265368	0.311774044	0.26298456	0.088605943	0.06067754	0.023973173	0.018246566																							
50	2016	0.001262551	0.124496275	0.303861098	0.271414876	0.147768019	0.092625092	0.036968965	0.015349906	0.006253219																							
50	2017	0.00044245	0.073666593	0.350495645	0.308638011	0.167909442	0.067392608	0.022771937	0.005591896	0.003091418																							
50	2018	0.000158405	0.102162963	0.175366757	0.451093018	0.188470913	0.061279783	0.013316397	0.003766623	0.004385141																							
50	2019	9.51E-05	0.059519361	0.300307189	0.342207056	0.181510422	0.071137631	0.029923508	0.009199664	0.006100039																							
50	2020	0.002123658	0.109032148	0.399825206	0.321910176	0.130631337	0.030484518	0.004027955	0.001779643	0.00018536																							
50	2021	0.005947834	0.095342403	0.34985477	0.296220606	0.202634236	0.037964067	0.00919162	0.001919409	0.000925056																							
50	2022	0.004461266	0.11144565	0.391011213	0.292078335	0.158917195	0.030846685	0.008855743	0.001683531	0.000700383																							
50	2023	0.003344482	0.00714124	0.235911719	0.430829435	0.265697483	0.049652541	0.006223181	0.000531651	0.000668267																							
50	2024	0.014513485	0.021783356	0.133823879	0.34169123	0.288190118	0.151115649	0.042312842	0.005014258	0.003290207																							
50	2025	0	0	0	0	0	0	0	0	0																							
#	Actual	CPUE	data	series																													
#	1	ICSEAF	(1.3	+	1.4)	2	ICSEAF	-1.5	3.GLM	4	Spanish	Winter	surveys																				
#	5	Spanish	Summer	surveys	6	7Vessel	CPUE	(Olrac)																									
1964	0	0	0	0	0	0																											
1965	1.78	2.24	0	0	0	0																											
1966	1.31	2.62	0	0	0	0																											
1967	0.91	1.47	0	0	0	0																											
1968	0.96	1.38	0	0	0	0																											
1969	0.88	1.15	0	0	0	0																											
1970	0.9	1.1	0	0	0	0																											
1971	0.87	1.44	0	0	0	0																											
1972	0.72	1	0	0	0	9.75																											
1973	0.57	1	0	0	0	10.67																											
1974	0.45	0.7	0	0	0	8.26																											
1975	0.42	0.82	0	0	0	9.16																											
1976	0.42	0.58	0	0	0	8.28																											
1977	0.49	0.69	0	0	0	6.58																											
1978	0.43	0.56	0	0	0	6.26																											
1979	0.4	0.74	0	0	0	7.72																											
1980	0.45	0.71	0	0	0	7.08																											
1981	0	0	0	0	0	7.95																											
1982	0	0	0	0	0	7.7																											
1983	0	0	0	556	0	6.95																											
1984	0	0	0	1581	1300	7.68																											
1985	0	0	0	917	0	10.21																											
1986	0	0	0	733	579	9.41																											
1987	0	0	0	1145	0	8.51																											
1988	0	0	0	640	689	7.78																											
1989	0	0	0	486	1738	6.63																											
1990	0	0	0	0	1957	4.8																											
1991	0	0	0	0	0	8.87																											
1992	0	0	1274	0	0	15.27																											
1993	0	0	1370	0	0	13.01																											
1994	0	0	682	0	0	11.99																											
1995	0	0	460	0	0	11.24																											
1996	0	0	414	0	0	0																											
1997	0	0	513	0	0	0																											
1998	0	0	712	0	0	0																											
1999	0	0	611	0	0	0																											
2000	0	0	464	0	0	0																											
2001	0	0	406	0	0	0																											
2002	0	0	340	0	0	0																											
2003	0	0	433	0	0	0																											
2004	0	0	492	0	0	0																											
2005	0	0	421	0	0	0																											
2006	0	0	430	0	0	0																											
2007	0	0	421	0	0	0																											
2008	0	0	531	0	0	0																											
2009	0	0	638	0	0	0																											
2010	0	0	894	0	0	0																											
2011	0	0	1147	0	0	0																											
2012	0	0	714	0	0	0																											
2013	0	0	738	0	0	0																											
2014	0	0	823	0	0	0																											
2015	0	0	953	0	0	0																											
2016	0	0	920	0	0	0																											
2017	0	0	1041	0	0	0																											
2018	0	0	1178	0	0	0																											
2019	0	0	1124	0	0	0																											
2020	0	0	1178	0	0	0																											
2021	0	0	1162	0	0	0																											
2022	0	0	1104	0	0	0																											
2023	0	0	1089	0	0	0																											
2024	0	0	873	0	0	0																											
2025	0	0	0	0	0	0																											
#Actual	Srvey	data	series	-	units	are	10^3	tonnes																									
1964	0	0	0	0																													
1965	0	0	0	0																													
1966	0	0	0	0																													
1967	0	0	0	0																													
1968	0	0	0	0																													
1969	0	0	0	0																													
1970	0	0	0	0																													
1971	0	0	0	0																													
1972	0	0	0	0																													
1973	0	0	0	0																													
1974	0	0	0	0																													
1975	0	0	0	0																													
1976	0	0	0	0																													
1977	0	0	0	0																													
1978	0	0	0	0																													
1979	0	0	0	0																													
1980	0	0	0	0																													
1981	0	0	0	0																													
1982	0	0	0	0																													
1983	0	0	0	0																													
1984	0	0	0	0																													
1985	0	0	0	0																													
1986	0	0	0	0																													
1987	0	0	0	0																													
1988	0	0	0	0																													
1989	0	0	0	0																													
1990	586.771	0.154	725.893	0.119																													
1991	545.824	0.212	0	0																													
1992	817.302	0.11	1005.62	0.093																													
1993	942.584	0.128	798.308	0.112																													
1994	750.374	0.119	964.51	0.09																													
1995	584.928	0.121	647.135	0.104																													
1996	819.415	0.139	729.61	0.112																													
1997	663.349	0.123	0	0																													
1998	1572.857	0.145	0	0																													
1999	1071.529	0.129	0	0																													
2000	1273	0.195	0	0																													
2001	586.726	0.233	0	0																													
2002	725	0.286	0	0																													
2003	776	0.248	0	0																													
2004	1157.394	0.291	0	0																													
2005	601.3	0.2	0	0																													
2006	898	0.18	0	0																													
2007	701	0.26	0	0																													
2008	935.54	0.3	0	0																													
2009	1476	0.3	0	0																													
2010	1041	0.18	0	0																													
2011	1087	0.3	0	0																													
2012	820	0.3	0	0																													
2013	1392	0.3	0	0																													
2014	1068	0.24	0	0																													
2015	1116	0.3	0	0																													
2016	1008	0.3	0	0																													
2017	888	0.3	0	0																													
2018	921	0.36	0	0																													
2019	904	0.33	0	0																													
2020	802	0.15	0	0																													
2021	888	0.18	0	0																													
2022	880	0.1	0	0																													
2023	882	0.16	0	0																													
2024	854	0.095	0	0																													
2025	865	0.19	0	0																													
#	Survey	catch-at-age	(fleet	1)																													
50	1964	0	0	0	0	0	0	0	0	0																							
50	1965	0	0	0	0	0	0	0	0	0																							
50	1966	0	0	0	0	0	0	0	0	0																							
50	1967	0	0	0	0	0	0	0	0	0																							
50	1968	0	0	0	0	0	0	0	0	0																							
50	1969	0	0	0	0	0	0	0	0	0																							
50	1970	0	0	0	0	0	0	0	0	0																							
50	1971	0	0	0	0	0	0	0	0	0																							
50	1972	0	0	0	0	0	0	0	0	0																							
50	1973	0	0	0	0	0	0	0	0	0																							
50	1974	0	0	0	0	0	0	0	0	0																							
50	1975	0	0	0	0	0	0	0	0	0																							
50	1976	0	0	0	0	0	0	0	0	0																							
50	1977	0	0	0	0	0	0	0	0	0																							
50	1978	0	0	0	0	0	0	0	0	0																							
50	1979	0	0	0	0	0	0	0	0	0																							
50	1980	0	0	0	0	0	0	0	0	0																							
50	1981	0	0	0	0	0	0	0	0	0																							
50	1982	0	0	0	0	0	0	0	0	0																							
50	1983	0	0	0	0	0	0	0	0	0																							
50	1984	0	0	0	0	0	0	0	0	0																							
50	1985	0	0	0	0	0	0	0	0	0																							
50	1986	0	0	0	0	0	0	0	0	0																							
50	1987	0	0	0	0	0	0	0	0	0																							
50	1988	0	0	0	0	0	0	0	0	0																							
50	1989	0	0	0	0	0	0	0	0	0																							
50	1990	0.037270625	0.323924855	0.393058033	0.180883378	0.049160699	0.009859089	0.003578699	0.001272752	0.00099187																							
50	1991	0.005374478	0.221855821	0.283818585	0.284683931	0.115807182	0.05515081	0.017021134	0.009675639	0.00661242																							
50	1992	0.110418678	0.488729205	0.186611718	0.073995936	0.057924112	0.049166163	0.010751122	0.011866944	0.010536121																							
50	1993	0	0.04939726	0.564143234	0.268053397	0.057682606	0.036293367	0.018174607	0.005669916	0.000585614																							
50	1994	0.015865995	0.348976501	0.359560493	0.139457849	0.059233377	0.037822427	0.019541384	0.009451157	0.010090817																							
50	1995	0.04246077	0.402170285	0.322971794	0.119556531	0.060374783	0.027643516	0.012479851	0.005799883	0.006542588																							
50	1996	0.104891576	0.242949686	0.332719289	0.183319035	0.071719866	0.037299703	0.016223235	0.006651495	0.004226115																							
50	1997	0.006949397	0.15122983	0.326036624	0.296404907	0.126396701	0.05633054	0.022264765	0.008433116	0.00595412																							
50	1998	0.045163107	0.368365873	0.347609094	0.125680351	0.067613311	0.029404177	0.010262481	0.003530231	0.002371375																							
50	1999	0.252752006	0.266648614	0.298950668	0.114534337	0.04150396	0.016601765	0.005004548	0.002663864	0.001340239																							
50	2000	0.021890828	0.21327432	0.555405546	0.158600263	0.020719267	0.02320717	0.004258453	0.002448029	0.000196124																							
50	2001	0.092599623	0.168756639	0.433873974	0.204878692	0.056050849	0.031071792	0.007832416	0.00352818	0.001407836																							
50	2002	0.329725706	0.52932109	0.110502321	0.011423521	0.011810936	0.003802959	0.001960488	0.000895554	0.000557424																							
50	2003	0.040329707	0.364701346	0.365753524	0.166342064	0.044460898	0.012323316	0.00324828	0.000822164	0.002018701																							
50	2004	0.050324762	0.656150919	0.228509728	0.04306134	0.01539679	0.00454934	0.00146219	0.000375943	0.000168988																							
50	2005	0.000204711	0.006714554	0.339501142	0.495766389	0.10129497	0.041741948	0.011707174	0.001439663	0.001629451																							
50	2006	0.000759488	0.126488932	0.577792466	0.217733004	0.061682786	0.011881125	0.002996593	0.000524608	0.000140998																							
50	2007	0.006901887	0.701347208	0.209525045	0.050963052	0.020132179	0.006234627	0.002769738	0.001581354	0.000544911																							
50	2008	0.241535458	0.242596052	0.290746878	0.144261217	0.047581835	0.022110737	0.007403193	0.002116162	0.001648467																							
50	2009	0.068889077	0.500597512	0.315551314	0.063940294	0.024661372	0.013267346	0.007868499	0.002668558	0.002556029																							
50	2010	0.196274331	0.152109552	0.52425307	0.102030429	0.020093139	0.00443196	0.000563865	0.00018906	5.46E-05																							
50	2011	0.197900561	0.325844048	0.286724339	0.103722273	0.042678623	0.021314771	0.01339222	0.004535012	0.003888152																							
50	2012	0.402632316	0.159928671	0.319148298	0.058129326	0.033158662	0.014298261	0.006663384	0.001914638	0.004126444																							
50	2013	0.055388579	0.311492453	0.462116704	0.132240263	0.023833852	0.009034177	0.003019029	0.001255135	0.001619808																							
50	2014	0.066863797	0.449083618	0.321980143	0.088360316	0.03505775	0.02193983	0.011926525	0.002564944	0.002223076																							
50	2015	0.119322977	0.462603699	0.296201904	0.070559592	0.029263028	0.009309322	0.006503558	0.003349932	0.002885988																							
50	2016	0.120846316	0.710077055	0.10024324	0.029577157	0.017807155	0.011599479	0.006234161	0.002648491	0.000966947																							
50	2017	0.161447818	0.351833501	0.272828541	0.129776367	0.047946294	0.021357941	0.00945174	0.003321434	0.002036363																							
50	2018	0.036597912	0.293536809	0.452158625	0.1633652	0.032222495	0.016391381	0.00385221	0.000841223	0.001034144																							
50	2019	0.095062737	0.48329155	0.27245515	0.087950189	0.032772436	0.016129124	0.007459087	0.002870617	0.00200911																							
50	2020	0.451008048	0.345078513	0.141585737	0.042143267	0.014043038	0.005289193	0.000645658	0.000190341	1.62E-05																							
50	2021	0.482453564	0.236327286	0.214665607	0.035808626	0.021811711	0.006908221	0.001734958	0.000235243	5.48E-05																							
50	2022	0.134524862	0.457874124	0.293879686	0.064210331	0.036678851	0.008758937	0.003532078	0.000441471	9.97E-05																							
50	2023	0.21299702	0.044599583	0.433579606	0.224308078	0.05916455	0.01900952	0.004847347	0.000740034	0.000754262																							
50	2024	0.104924902	0.253308574	0.409904054	0.172271581	0.045696432	0.011512704	0.002153217	0.000172508	5.60E-05																							
50	2025	0.080383841	0.298411681	0.385956805	0.154812249	0.05945704	0.013434055	0.00532325	0.001718425	4.57E-04																							
#	Survey	catch-at-age	(fleet	2)																													
50	1964	0	0	0	0	0	0	0	0	0																							
50	1965	0	0	0	0	0	0	0	0	0																							
50	1966	0	0	0	0	0	0	0	0	0																							
50	1967	0	0	0	0	0	0	0	0	0																							
50	1968	0	0	0	0	0	0	0	0	0																							
50	1969	0	0	0	0	0	0	0	0	0																							
50	1970	0	0	0	0	0	0	0	0	0																							
50	1971	0	0	0	0	0	0	0	0	0																							
50	1972	0	0	0	0	0	0	0	0	0																							
50	1973	0	0	0	0	0	0	0	0	0																							
50	1974	0	0	0	0	0	0	0	0	0																							
50	1975	0	0	0	0	0	0	0	0	0																							
50	1976	0	0	0	0	0	0	0	0	0																							
50	1977	0	0	0	0	0	0	0	0	0																							
50	1978	0	0	0	0	0	0	0	0	0																							
50	1979	0	0	0	0	0	0	0	0	0																							
50	1980	0	0	0	0	0	0	0	0	0																							
50	1981	0	0	0	0	0	0	0	0	0																							
50	1982	0	0	0	0	0	0	0	0	0																							
50	1983	0	0	0	0	0	0	0	0	0																							
50	1984	0	0	0	0	0	0	0	0	0																							
50	1985	0	0	0	0	0	0	0	0	0																							
50	1986	0	0	0	0	0	0	0	0	0																							
50	1987	0	0	0	0	0	0	0	0	0																							
50	1988	0	0	0	0	0	0	0	0	0																							
50	1989	0	0	0	0	0	0	0	0	0																							
50	1990	0	0.1	0.606	0.213	0.045	0.03	0.003	0.002	0																							
50	1991	0	0	0	0	0	0	0	0	0																							
50	1992	0	0.167	0.496	0.134	0.101	0.034	0.035	0.033	0																							
50	1993	0	0.019	0.475	0.364	0.071	0.04	0.021	0.01	0																							
50	1994	0	0.164	0.527	0.119	0.094	0.05	0.026	0.019	0																							
50	1995	0.112	0.472	0.197	0.07	0.054	0.037	0.024	0.034	0																							
50	1996	0.014	0.452	0.395	0.053	0.052	0.015	0.009	0.009	0																							
50	1997	0	0	0	0	0	0	0	0	0																							
50	1998	0	0	0	0	0	0	0	0	0																							
50	1999	0	0	0	0	0	0	0	0	0																							
50	2000	0	0	0	0	0	0	0	0	0																							
50	2001	0	0	0	0	0	0	0	0	0																							
50	2002	0	0	0	0	0	0	0	0	0																							
50	2003	0	0	0	0	0	0	0	0	0																							
50	2004	0	0	0	0	0	0	0	0	0																							
50	2005	0	0	0	0	0	0	0	0	0																							
50	2006	0	0	0	0	0	0	0	0	0																							
50	2007	0	0	0	0	0	0	0	0	0																							
50	2008	0	0	0	0	0	0	0	0	0																							
50	2009	0	0	0	0	0	0	0	0	0																							
50	2010	0	0	0	0	0	0	0	0	0																							
50	2011	0	0	0	0	0	0	0	0	0																							
50	2012	0	0	0	0	0	0	0	0	0																							
50	2013	0	0	0	0	0	0	0	0	0																							
50	2014	0	0	0	0	0	0	0	0	0																							
50	2015	0	0	0	0	0	0	0	0	0																							
50	2016	0	0	0	0	0	0	0	0	0																							
50	2017	0	0	0	0	0	0	0	0	0																							
50	2018	0	0	0	0	0	0	0	0	0																							
50	2019	0	0	0	0	0	0	0	0	0																							
50	2020	0	0	0	0	0	0	0	0	0																							
50	2021	0	0	0	0	0	0	0	0	0																							
50	2022	0	0	0	0	0	0	0	0	0																							
50	2023	0	0	0	0	0	0	0	0	0																							
50	2024	0	0	0	0	0	0	0	0	0																							
50	2025	0	0	0	0	0	0	0	0	0																							
#Seal	scat	index	provided	by	J-P	Roux:	indexes	size	of	cohort	for	1-year	old's																				
#																																	
#1964	1965	1966	1967	1968	1969	1970	1971	1972	1973	1974	1975	1976	1977	1978	1979	1980																	
#1981	1982	1983	1984	1985	1986	1987	1988	1989	1990	1991	1992																						
0	0	0	0	0	0	0	0	0	0	0	0	0	0	0	0	0																	
0	0	0	0	0	0	0	0	0	0	0	0																						
#	1993	1994	1995	1996	1997	1998	1999	2000	2001	2002	2003	2004	2005	2006	2007	2008	2009	2010	2011	2012	2013	2014	2015	2016	2017	2018	2019	2020	2021	2022	2023	2024	2025
	2.4	2.06	0.41	7.18	0.94	4.67	2.09	3.03	0.24	8.21	0.86	2.99	2.34	1.78	4.298	5.198	4	0	0	0	0	0	0	0	0	0	0	0	0	0	0	0	0
#																																	
#CV's	for	the	seal	scat	index																												
#1964	1965	1966	1967	1968	1969	1970	1971	1972	1973	1974	1975	1976	1977	1978	1979	1980																	
#	1981	1982	1983	1984	1985	1986	1987	1988	1989	1990	1991	1992																					
0	0	0	0	0	0	0	0	0	0	0	0	0	0	0	0	0																	
0	0	0	0	0	0	0	0	0	0	0	0																						
#	1993	1994	1995	1996	1997	1998	1999	2000	2001	2002	2003	2004	2005	2006	2007	2008	2009	2010	2011	2012	2013	2014	2015	2016	2017	2018	2019	2020	2021	2022	2023	2024	2025
	0.47	0.37	0.36	0.23	0.27	0.2	0.59	0.32	0.82	0.13	0.52	0.8	0.74	0.45	1.94	1.738	1.8	0	0	0	0	0	0	0	0	0	0	0	0	0	0	0	0
#	0	1	2	3	4	5	6	7	8																								
0.08	0.26	0.6	0.86	0.96	0.99	1	1	1																									
#	End	of	file	flag	(this	is	for	debugging	purposes,	if	the	datafile	is	incompatible	with	the	code,	it	may	stop	here...)"""												
12345																																	
